gao1=[4,19,17,13,15,4,9,7,6,8,20];
gao2=[3,3,7,8,8,9,10,15,15,16,17];
