treeVec = [0  1  2  2  2  2  2  1  8  8  1  11  11  1  14];